20260228000100
20260530000100
20260530000200
20260531000100
20260601000100
20260602000100
20260602000200
20260604000100
20260604000200
20260605000100
20260607000100
20260607000200
20260607000300
20260607000400
20260607000500
20260607000600
20260607000700
20260607000800
20260608000100
20260609000100
20260630000100
20260701000100
20260701000200
20260702000100
20260702000200
20260703000100
20260708000100
20260711000100
20260712000050
20260712000100
20260713000100
20260713000200
20260714000100
20260715000100
20260715000200
20260715000300
20260715000400
20260716000100
20260716000200
20260718000100
20260718000200
20260719000100
20260721000100
20260729000100
20260731000100
20260731000200
20260801000100
20260805000100
20260805000200
20260805000300
20260805000400
20260805000500
20260814000100
20260820000100
20260824000100
20260825000100
20260827000100
20260828000100
20260828000200
20260828000300
20260828000400
20260828000500
20260828000600
20260828000700
20260830000100
20260831000100
20260831000200
20260831000300
20260831000500
20260901000100
20260904000100
20260905000100
20260909000100
20260913000100
20260916135732
20260919000100
20260919000200
20260920000100
20260921000100
20260922000100
20260923000100
20260924000100
20260925000100
20260926000100
